10
42
27577 8841 18934 14192 25887 11850 5839 3925 28674 31648 3853 5524 32240 10802 7304 7454 16947 552 13044 2830 8154 31388 19553 15937 3807 1195 5044 8888 16810 24453 18439 31644 10225 27333 18794 5244 3388 9150 9897 22217 12338 18740
46
29910 24144 3455 29885 31639 14304 2988 7156 251 20332 16764 2551 12111 22947 28195 8336 3073 4656 31581 24589 27266 24331 3786 11020 4801 12385 16616 19417 7113 4749 18591 8410 28513 15120 1149 15911 2559 16815 20371 16389 32327 28166 13456 5410 13588 18356
49
23538 2332 14570 22470 7173 27317 15838 18630 1581 8582 28181 7670 12154 18493 25482 13978 15521 5393 19334 18396 3331 12938 30394 8360 2034 4370 13265 9158 8105 7156 251 20332 16764 2551 12111 22947 28195 8336 3073 4656 31581 24589 27266 24331 3786 11020 4801 12385 16616
52
25872 17639 25487 16352 32743 308 7798 31476 4188 15305 1440 3833 2443 30891 1944 10952 16753 4219 3731 23635 17988 3125 16023 18921 22272 32532 7471 4745 31416 14389 18061 26318 10973 6925 2128 17695 12912 29145 23983 19691 24848 18019 30856 11146 15336 31374 18927 18234 26023 27173 11009 6469
55
28202 6547 23114 7876 11323 17375 6044 9546 3024 4487 7935 1078 19076 27683 22788 13957 25390 696 11420 6755 28819 3752 20263 2401 2621 202 2594 7616 18320 17071 17496 11955 17536 13870 1534 17158 2091 18111 17822 32190 19298 18855 27852 2550 12070 29735 22146 21997 21250 2434 32599 19544 17685 14620 22680
59
21830 8801 32215 18297 18153 13324 25229 25639 19432 1323 9166 4150 22176 25619 22845 10125 18050 19280 31011 7814 25729 12851 6537 24822 25474 15726 2268 28893 29192 6664 9082 21845 3014 6195 25532 5482 3970 17764 963 6877 10705 24373 32056 4059 2439 2245 29975 16315 6884 15369 28584 5501 557 8962 779 134 14546 23512 1084
62
24164 39 18753 9782 3562 17558 4045 1773 11327 19749 14563 26509 13678 5281 2973 12942 17569 2381 12486 1877 16488 15295 3145 19104 20273 693 17788 2171 6744 30483 1738 14033 11649 28907 29858 30350 28013 3882 26675 17425 30320 24391 26350 5933 32489 11966 9375 3399 16185 28996 8037 19148 9362 11476 29198 2622 8949 153 11130 12380 20698 21468
65
26494 13012 14363 25512 8857 21890 806 27697 23454 4875 2851 4782 15801 27748 8506 9153 12227 2419 5618 12797 10453 29622 12240 3044 3324 16977 4134 21426 4473 7269 10160 8847 23598 18407 1666 23651 12241 3085 29304 23026 14538 1235 24531 4783 15841 20964 16885 17165 30820 11606 7086 9953 9682 27046 26749 1394 6001 20497 26923 9846 28459 3713 20598 12181 13288
69
20126 26302 8017 29017 4665 3562 17558 4045 1773 11327 19749 14563 26509 13678 5281 2973 12942 17569 2381 12486 1877 16488 15295 3145 19104 20273 693 17788 2171 6744 30483 1738 14033 11649 28907 29858 30350 28013 3882 26675 17425 30320 24391 26350 5933 32489 11966 9375 3399 16185 28996 8037 19148 9362 11476 29198 2622 8949 153 11130 12380 20698 21468 6431 10874 30450 4528 27462 22957
72
22456 6507 3630 5609 14545 29965 18023 419 24120 2247 5953 22580 23451 11244 31032 13145 20859 5228 9135 9190 29384 18112 11370 15251 7602 81 14255 2821 9902 18135 10287 19422 3031 2698 19273 26350 5933 32489 11966 9375 3399 16185 28996 8037 19148 9362 11476 29198 2622 8949 153 11130 12380 20698 21468 6431 10874 30450 4528 27462 22957 26487 23503 5042 101 17336 4170 18761 14487 988 8085 10572
